[0m[38;2;0;0;0m                                                  [0m
[0m[38;2;0;0;0m                                                  [0m
[0m[38;2;0;0;0m               [38;2;0;0;0m [38;2;5;5;5m [38;2;26;37;37m.[38;2;42;68;67m.[38;2;57;88;84m,[38;2;61;91;87m,[38;2;54;70;70m'[38;2;36;22;30m [38;2;97;161;158mo[38;2;97;162;161mo[38;2;102;171;168md[38;2;104;173;168md[38;2;82;124;117m:[38;2;1;1;1m [38;2;8;12;13m [38;2;22;34;36m.[38;2;0;0;0m [38;2;0;0;0m                  [0m
[0m[38;2;0;0;0m           [38;2;7;8;8m [38;2;1;2;2m [38;2;73;76;80m'[38;2;29;35;37m.[38;2;88;139;140ml[38;2;107;205;204mk[38;2;101;206;205mk[38;2;111;217;212mO[38;2;109;215;210mO[38;2;123;222;215m0[38;2;120;210;206mO[38;2;118;126;144ml[38;2;68;104;114m;[38;2;138;138;138m [38;2;56;126;127m:[38;2;101;206;206mk[38;2;107;210;209mk[38;2;92;176;177md[38;2;58;112;115m;[38;2;63;100;101m,[38;2;10;15;14m [38;2;16;23;22m [38;2;0;0;0m                 [0m
[0m[38;2;0;0;0m         [38;2;2;2;2m [38;2;17;26;27m [38;2;50;66;69m.[38;2;100;158;153mo[38;2;123;166;173md[38;2;79;123;134m:[38;2;84;192;199mx[38;2;162;201;186mO[38;2;113;206;203mk[38;2;196;209;188m0[38;2;148;212;201m0[38;2;117;207;203mk[38;2;124;216;211mO[38;2;120;217;210mO[38;2;99;168;175md[38;2;19;34;35m [38;2;5;7;8m [38;2;88;145;177ml[38;2;7;14;14m [38;2;77;145;142ml[38;2;121;224;214m0[38;2;122;226;215m0[38;2;106;185;177mx[38;2;119;194;185mk[38;2;64;91;87m,[38;2;0;0;0m [38;2;0;0;0m               [0m
[0m[38;2;0;0;0m        [38;2;1;1;1m [38;2;29;42;44m.[38;2;77;131;132mc[38;2;112;212;209mO[38;2;79;140;132mc[38;2;99;99;99m [38;2;40;82;90m'[38;2;97;190;193mx[38;2;218;199;173mK[38;2;182;198;180m0[38;2;233;220;191mX[38;2;235;218;192mX[38;2;130;159;156md[38;2;154;173;159mx[38;2;143;169;173mx[38;2;115;189;186mx[38;2;98;149;143mo[38;2;93;120;157mc[38;2;101;146;209mo[38;2;65;93;131m;[38;2;25;25;25m [38;2;102;102;102m [38;2;81;156;158mo[38;2;119;223;215mO[38;2;130;231;218m0[38;2;137;232;218m0[38;2;95;133;127mc[38;2;10;13;13m [38;2;0;0;0m              [0m
[0m[38;2;0;0;0m       [38;2;4;4;4m [38;2;67;117;122m:[38;2;106;189;188mx[38;2;69;125;120m:[38;2;123;123;123m [38;2;18;26;25m [38;2;53;56;55m.[38;2;110;142;141mo[38;2;116;181;178mx[38;2;66;64;65m.[38;2;180;189;175mO[38;2;251;232;202mN[38;2;248;233;203mN[38;2;248;232;205mN[38;2;252;231;200mN[38;2;50;44;42m.[38;2;59;59;59m [38;2;80;103;121m;[38;2;104;144;198mo[38;2;108;153;215md[38;2;107;153;214md[38;2;71;92;121m;[38;2;0;0;0m [38;2;37;37;37m [38;2;29;57;60m.[38;2;93;183;183mx[38;2;110;213;207mO[38;2;124;223;213m0[38;2;131;222;210m0[38;2;87;133;126mc[38;2;10;12;12m [38;2;0;0;0m            [0m
[0m[38;2;0;0;0m      [38;2;0;0;0m [38;2;68;121;122m:[38;2;122;220;213mO[38;2;17;29;29m [38;2;12;15;16m [38;2;43;43;54m.[38;2;80;80;84m,[38;2;90;89;91m;[38;2;95;112;110m:[38;2;20;17;16m [38;2;12;16;17m [38;2;13;14;13m [38;2;4;4;3m [38;2;76;61;55m'[38;2;233;204;179mK[38;2;233;209;183mX[38;2;138;128;119ml[38;2;150;145;135md[38;2;157;181;212mk[38;2;139;175;222mk[38;2;159;189;229mO[38;2;178;202;235m0[38;2;184;207;236mK[38;2;117;118;121mc[38;2;0;0;0m [38;2;15;15;15m [38;2;35;70;70m.[38;2;97;128;125mc[38;2;161;224;208mK[38;2;157;223;208m0[38;2;187;229;210mK[38;2;129;213;203mO[38;2;55;89;89m,[38;2;3;3;3m [38;2;0;0;0m          [0m
[0m[38;2;0;0;0m      [38;2;56;74;73m'[38;2;102;193;198mx[38;2;30;70;79m.[38;2;15;16;20m [38;2;30;30;38m.[38;2;53;53;67m.[38;2;64;64;72m'[38;2;70;69;76m'[38;2;70;71;77m'[38;2;42;62;65m.[38;2;101;112;115m:[38;2;98;90;85m;[38;2;72;92;100m;[38;2;89;142;155ml[38;2;175;195;196mO[38;2;185;201;199m0[38;2;233;213;187mX[38;2;254;242;211mW[38;2;253;214;205mX[38;2;235;219;202mX[38;2;234;232;232mN[38;2;254;254;254mMM[38;2;254;254;254mM[38;2;106;107;110m:[38;2;0;0;0m [38;2;22;27;26m [38;2;216;214;190mK[38;2;228;217;189mX[38;2;235;224;195mX[38;2;168;213;200m0[38;2;139;215;206mO[38;2;116;214;207mO[38;2;70;121;124m:[38;2;6;8;8m [38;2;0;0;0m         [0m
[0m[38;2;0;0;0m     [38;2;9;13;13m [38;2;67;150;165ml[38;2;48;157;175ml[38;2;37;75;81m.[38;2;18;18;24m [38;2;44;47;55m.[38;2;9;10;12m [38;2;42;42;42m [38;2;27;27;27m [38;2;26;26;26m [38;2;107;119;125mc[38;2;205;207;199mK[38;2;156;199;197mO[38;2;178;198;193m0[38;2;198;198;184m0[38;2;187;199;192m0[38;2;181;195;195mO[38;2;238;209;177mK[38;2;247;207;178mX[38;2;180;187;176mO[38;2;97;102;102m:[38;2;86;85;86m,[38;2;183;183;183mO[38;2;253;253;253mM[38;2;254;254;254mM[38;2;247;247;247mW[38;2;97;97;98m;[38;2;132;149;146mo[38;2;254;235;202mN[38;2;101;93;80m;[38;2;142;142;142m [38;2;60;99;98m;[38;2;78;195;199mx[38;2;85;200;202mx[38;2;80;165;169mo[38;2;76;139;139mc[38;2;1;1;1m [38;2;0;0;0m        [0m
[0m[38;2;0;0;0m     [38;2;39;93;99m,[38;2;48;146;168mc[38;2;38;110;127m;[38;2;23;51;58m.[38;2;11;19;22m [38;2;14;14;14m [38;2;13;13;13m [38;2;7;7;7m [38;2;0;0;0m [38;2;8;7;8m [38;2;140;196;193mk[38;2;140;204;198mO[38;2;148;167;177mx[38;2;165;179;185mk[38;2;196;205;206m0[38;2;196;205;206m0[38;2;196;205;206m0[38;2;176;188;186mO[38;2;138;154;175md[38;2;116;145;181mo[38;2;104;133;160ml[38;2;86;94;100m;[38;2;83;82;86m,[38;2;99;98;103m:[38;2;98;108;117m:[38;2;81;83;89m,[38;2;91;90;92m;[38;2;116;129;123ml[38;2;141;144;131mo[38;2;8;8;8m [38;2;0;0;0m [38;2;8;12;15m [38;2;79;189;196mx[38;2;72;188;198md[38;2;68;159;173mo[38;2;98;180;178md[38;2;6;9;9m [38;2;0;0;0m        [0m
[0m[38;2;0;0;0m    [38;2;4;4;4m [38;2;57;149;168ml[38;2;65;176;194mo[38;2;71;160;190mo[38;2;87;147;184mo[38;2;14;22;26m [38;2;44;44;44m [38;2;9;15;17m [38;2;0;0;0m [38;2;0;0;0m [38;2;36;42;45m.[38;2;38;100;106m,[38;2;147;181;186mk[38;2;183;193;197mO[38;2;176;187;192mO[38;2;194;203;205m0[38;2;192;201;204m0[38;2;167;191;203mO[38;2;122;173;207mx[38;2;126;191;205mk[38;2;116;181;202mx[38;2;109;169;199md[38;2;114;169;204md[38;2;91;131;155ml[38;2;63;76;89m'[38;2;62;71;84m'[38;2;66;76;90m'[38;2;75;85;97m,[38;2;76;92;99m;[38;2;66;74;78m'[38;2;74;74;74m [38;2;2;3;4m [38;2;70;136;150mc[38;2;77;182;204md[38;2;89;184;202mx[38;2;107;204;206mk[38;2;73;130;125mc[38;2;13;25;26m [38;2;0;0;0m        [0m
[0m[38;2;0;0;0m    [38;2;7;7;7m [38;2;67;144;162ml[38;2;70;168;192mo[38;2;73;170;194mo[38;2;81;175;200md[38;2;88;164;194mo[38;2;60;108;126m;[38;2;60;101;116m;[38;2;75;122;139m:[38;2;79;128;145mc[38;2;98;128;141ml[38;2;85;161;170mo[38;2;145;171;180mx[38;2;175;186;190mO[38;2;196;204;206m0[38;2;165;176;183mk[38;2;142;173;191mx[38;2;110;175;210mx[38;2;114;178;214mx[38;2;143;203;207mO[38;2;148;196;217mO[38;2;159;198;221mO[38;2;149;189;216mO[38;2;131;176;210mx[38;2;128;176;214mx[38;2;133;184;221mk[38;2;126;182;218mk[38;2;115;182;211mx[38;2;128;186;210mk[38;2;178;205;219m0[38;2;87;115;117m:[38;2;106;166;170md[38;2;118;210;216mO[38;2;123;218;214mO[38;2;125;227;217m0[38;2;84;154;147ml[38;2;55;55;55m [38;2;16;26;27m [38;2;0;0;0m        [0m
[0m[38;2;0;0;0m    [38;2;0;0;0m [38;2;12;19;20m [38;2;46;90;101m'[38;2;112;112;112m [38;2;138;138;138m [38;2;4;8;9m [38;2;1;2;3m [38;2;131;131;131m [38;2;85;149;166mo[38;2;127;204;201mO[38;2;142;228;213m0[38;2;141;195;195mk[38;2;151;165;173mx[38;2;153;168;175mx[38;2;168;182;187mk[38;2;161;178;183mk[38;2;170;190;194mO[38;2;165;202;225m0[38;2;158;202;229m0[38;2;211;235;235mN[38;2;190;227;221mX[38;2;198;232;227mX[38;2;199;234;229mX[38;2;191;235;228mX[38;2;152;213;213m0[38;2;134;210;214mO[38;2;129;213;213mO[38;2;132;219;217m0[38;2;130;225;217m0[38;2;127;226;217m0[38;2;125;225;215m0[38;2;125;226;216m0[38;2;126;228;216m0[38;2;120;223;214m0[38;2;23;46;45m.[38;2;53;88;84m,[38;2;31;44;39m.[38;2;68;68;68m [38;2;0;0;0m        [0m
[0m[38;2;0;0;0m     [38;2;4;4;4m [38;2;91;91;91m [38;2;30;43;48m.[38;2;12;21;25m [38;2;12;12;12m [38;2;16;21;25m [38;2;112;136;144ml[38;2;115;209;196mk[38;2;62;100;95m;[38;2;136;136;136m [38;2;41;59;60m.[38;2;137;176;178mk[38;2;160;194;194mO[38;2;166;204;202m0[38;2;157;212;207m0[38;2;146;217;209m0[38;2;140;220;211m0[38;2;142;221;211m0[38;2;161;234;224mK[38;2;66;101;96m;[38;2;159;159;159m [38;2;157;157;157m [38;2;7;11;11m [38;2;140;226;216m0[38;2;139;227;217m0[38;2;134;223;214m0[38;2;128;221;213m0[38;2;130;223;213m0[38;2;132;224;213m0[38;2;129;221;211m0[38;2;130;222;210m0[38;2;115;182;174mx[38;2;134;134;134m [38;2;103;103;103m [38;2;67;67;67m [38;2;9;9;9m [38;2;0;0;0m         [0m
[0m[38;2;0;0;0m       [38;2;8;8;8m [38;2;36;64;69m.[38;2;46;90;97m,[38;2;86;136;130mc[38;2;118;118;118m [38;2;71;71;71m [38;2;12;12;12m [38;2;0;0;0m [38;2;31;42;42m.[38;2;134;192;188mk[38;2;150;214;205m0[38;2;144;222;210m0[38;2;148;225;211m0[38;2;139;217;204m0[38;2;120;198;191mk[38;2;107;185;181mx[38;2;3;4;4m [38;2;12;12;12m [38;2;0;0;0m  [38;2;1;1;1m [38;2;44;44;44m [38;2;18;34;35m.[38;2;114;215;211mO[38;2;120;216;210mO[38;2;127;209;211mO[38;2;143;210;221mO[38;2;187;225;228mK[38;2;207;226;235mX[38;2;206;221;235mX[38;2;88;98;107m:[38;2;0;0;0m [38;2;0;0;0m           [0m
[0m[38;2;0;0;0m        [38;2;5;8;9m [38;2;108;202;191mk[38;2;68;138;141mc[38;2;11;20;22m [38;2;1;1;1m [38;2;48;60;56m.[38;2;103;147;137ml[38;2;124;191;176mk[38;2;123;193;178mk[38;2;140;221;206m0[38;2;126;208;198mO[38;2;104;184;178mx[38;2;99;178;172md[38;2;100;178;172md[38;2;35;61;60m.[38;2;1;1;1m [38;2;0;0;0m     [38;2;8;8;8m [38;2;62;83;99m,[38;2;141;172;206mx[38;2;170;188;226mO[38;2;149;176;219mk[38;2;150;182;216mk[38;2;228;236;244mN[38;2;231;238;245mN[38;2;150;183;216mk[38;2;125;131;137ml[38;2;3;3;3m [38;2;0;0;0m          [0m
[0m[38;2;0;0;0m        [38;2;21;21;21m [38;2;47;69;62m.[38;2;90;90;90m [38;2;89;133;127ml[38;2;119;178;161mx[38;2;133;211;190mO[38;2;126;196;179mk[38;2;123;178;165mx[38;2;112;162;152md[38;2;113;161;150md[38;2;108;146;138mo[38;2;115;167;157md[38;2;119;186;175mx[38;2;122;189;177mx[38;2;11;15;14m [38;2;0;0;0m       [38;2;30;34;40m.[38;2;110;144;194mo[38;2;104;137;192ml[38;2;94;145;200mo[38;2;94;146;200mo[38;2;218;230;242mN[38;2;201;211;224mK[38;2;115;141;168mo[38;2;4;4;4m [38;2;7;7;7m [38;2;1;1;1m [38;2;0;0;0m         [0m
[0m[38;2;0;0;0m         [38;2;38;38;38m [38;2;74;100;93m;[38;2;128;184;175mx[38;2;157;201;210mO[38;2;211;202;192mK[38;2;173;220;198mK[38;2;180;207;187m0[38;2;198;202;180m0[38;2;194;212;190mK[38;2;147;202;185mO[38;2;139;207;188mO[38;2;197;204;183m0[38;2;218;206;184mK[38;2;33;33;30m.[38;2;0;0;0m       [38;2;48;53;60m.[38;2;93;144;198mo[38;2;76;117;180mc[38;2;94;145;200mo[38;2;93;145;199mo[38;2;207;222;237mX[38;2;211;225;239mX[38;2;143;179;215mk[38;2;197;203;209m0[38;2;129;130;131ml[38;2;41;42;43m.[38;2;0;0;0m [38;2;0;0;0m        [0m
[0m[38;2;0;0;0m        [38;2;0;0;0m [38;2;58;83;78m,[38;2;149;217;200m0[38;2;105;156;197md[38;2;134;182;203mk[38;2;204;230;219mX[38;2;65;61;54m.[38;2;157;157;157m [38;2;133;133;133m [38;2;181;181;181m [38;2;137;137;137m [38;2;111;111;111m [38;2;101;101;101m [38;2;72;72;72m [38;2;26;26;26m [38;2;0;0;0m       [38;2;25;25;25m [38;2;35;35;35m [38;2;43;43;43m [38;2;72;72;72m [38;2;95;95;95m [38;2;207;207;207m [38;2;196;199;202m0[38;2;155;186;219mO[38;2;239;244;249mW[38;2;254;254;254mM[38;2;166;193;223mO[38;2;84;123;167mc[38;2;19;27;40m [38;2;0;0;0m       [0m
[0m[38;2;0;0;0m        [38;2;3;4;4m [38;2;159;229;203mK[38;2;175;223;206mK[38;2;163;193;183mk[38;2;197;197;197m [38;2;136;136;136m [38;2;40;40;40m [38;2;0;0;0m                    [38;2;0;0;0m [38;2;21;21;21m [38;2;53;53;53m [38;2;126;126;126m [38;2;191;191;191m [38;2;65;78;95m'[38;2;73;114;178m:[38;2;63;100;166m;[38;2;26;37;55m.[38;2;0;0;0m      [0m
[0m[38;2;0;0;0m       [38;2;1;1;1m [38;2;19;30;45m [38;2;82;116;101m:[38;2;163;229;193mK[38;2;22;30;29m [38;2;0;0;0m [38;2;0;0;0m [38;2;0;0;0m [38;2;0;0;0m                         [38;2;6;6;6m [38;2;29;29;29m [38;2;53;53;53m [38;2;77;77;77m [38;2;23;34;52m.[38;2;0;0;0m [38;2;0;0;0m    [0m
[0m[38;2;0;0;0m       [38;2;6;6;6m [38;2;7;7;7m [38;2;2;3;3m [38;2;38;53;44m.[38;2;114;114;114m [38;2;57;57;57m [38;2;32;32;32m [38;2;4;4;4m [38;2;0;0;0m                            [38;2;0;0;0m [38;2;10;10;10m [38;2;2;2;2m [38;2;0;0;0m    [0m
[0m[38;2;0;0;0m         [38;2;5;5;5m [38;2;22;31;28m [38;2;1;1;1m [38;2;2;2;2m [38;2;0;0;0m                                     [0m
[0m[38;2;0;0;0m          [38;2;15;15;15m [38;2;89;89;89m [38;2;46;46;46m [38;2;0;0;0m                                     [0m
